0.8211155555555555 0.82112 0.10557777777777778 0.1056
0.8602444444444446 0.86036 0.3012222222222222 0.3018
0.870088888888889 0.87188 0.35044444444444445 0.3594
0.8763822222222224 0.8776799999999998 0.3819111111111111 0.3884
0.8808844444444445 0.8821199999999999 0.40442222222222224 0.4106
0.8842133333333333 0.8858 0.42106666666666664 0.429
0.8867555555555555 0.88728 0.43377777777777776 0.4364
0.8884666666666666 0.8895199999999999 0.44233333333333336 0.4476
0.8900933333333331 0.8912799999999999 0.4504666666666667 0.4564
0.8912799999999999 0.8918399999999999 0.4564 0.4592
0.8922666666666667 0.8928 0.4613333333333333 0.464
0.8931377777777778 0.8934 0.4656888888888889 0.467
0.8937155555555554 0.89452 0.46857777777777776 0.4726
0.8943422222222223 0.89476 0.47171111111111114 0.4738
0.8949288888888889 0.89548 0.4746444444444444 0.4774
0.8955155555555555 0.8957200000000001 0.47757777777777777 0.4786
0.8959822222222222 0.8960800000000001 0.4799111111111111 0.4804
0.8964577777777777 0.8962 0.4822888888888889 0.481
0.8968266666666669 0.8962 0.48413333333333336 0.481
0.8971600000000001 0.8964000000000001 0.4858 0.482
0.8973644444444444 0.89664 0.4868222222222222 0.4832
