0.8204977777777778 0.81992 0.1024888888888889 0.0996
0.8241333333333334 0.82376 0.12066666666666667 0.1188
0.82624 0.8254400000000001 0.1312 0.1272
0.8300444444444443 0.82988 0.15022222222222223 0.1494
0.8341466666666667 0.8347999999999999 0.17073333333333332 0.174
0.8380755555555556 0.83768 0.19037777777777778 0.1884
0.8408266666666666 0.84008 0.20413333333333333 0.2004
0.8426488888888889 0.8417999999999999 0.21324444444444443 0.209
0.8443111111111111 0.8427199999999999 0.22155555555555556 0.2136
0.8462 0.8437999999999999 0.231 0.219
0.8472844444444444 0.84548 0.23642222222222223 0.2274
0.8489022222222223 0.8470000000000001 0.24451111111111112 0.235
0.8505022222222222 0.8491199999999999 0.25251111111111113 0.2456
0.8520622222222223 0.8507199999999999 0.2603111111111111 0.2536
0.8533288888888888 0.8518800000000001 0.26664444444444446 0.2594
0.85412 0.8527999999999999 0.2706 0.264
0.8550044444444443 0.8534799999999999 0.2750222222222222 0.2674
0.85556 0.8540000000000001 0.2778 0.27
0.8558444444444445 0.85452 0.2792222222222222 0.2726
0.8562622222222223 0.8548 0.2813111111111111 0.274
0.8565200000000001 0.8552799999999999 0.2826 0.2764
